50 400
80 350
450 370
480 600
300 700
150 600
70 410
90 400
100 420
130 405
150 430
190 390
240 390
260 395
290 410
310 400
360 420
380 415
410 410
430 405
78 440
85 430
105 460
120 445
145 450
190 470
230 460
265 455
280 465
315 440
355 435
380 455
405 450
425 465
100 470
105 500
115 490
125 485
145 480
170 510
220 500
265 475
280 515
310 510
350 495
370 505
415 500
435 480
115 520
135 540
150 530
180 515
195 525
205 550
215 535
235 575
260 520
305 535
340 555
375 565
405 560
415 580
400 630
370 600
360 650
325 680
315 660
300 590
250 610
230 615
